[Preferences]
autoconnector_when_to_connect=2.000000
autoconnector_close_when_table_disappears=0.000000
debug_autoconnector=0.000000
debug_autoplayer=0.000000
debug_heartbeat=0.000000
debug_prwin=0.000000
debug_icm=0.000000
debug_occlusionchecker=0.000000
debug_pokertracker=0.000000
debug_rebuy=0.000000
debug_replayframes=0.000000
debug_scraper=0.000000
debug_sessioncounter=0.000000
debug_stableframescounter=0.000000
debug_symbolengine=0.000000
debug_blindlocking=0.000000
debug_memorysymbols=0.000000
debug_tablemap_loader=0.000000
debug_filesystem_monitor=0.000000
debug_table_positioner=0.000000
debug_istournament=0.000000
debug_gui=0.000000
debug_table_limits=0.000000
debug_lazy_scraper=0.000000
debug_betsize_adjustment=0.000000
debug_handreset_detector=0.000000
debug_engine_container=0.000000
debug_handhistory=0.000000
debug_alltherest=0.000000
debug_preferences=0.000000
table_positioner_options=1.000000
main_x=37.000000
main_y=22.000000
main_dx=640.000000
main_dy=400.000000
debug_dll-extension=0.000000
replay_record=0.000000
replay_record_every_change=0.000000
replay_record_every_change_playing=0.000000
replay_max_frames=100.000000
validator_enabled=0.000000
validator_use_heuristic_rules=0.000000
validator_stop_on_error=0.000000
validator_shoot_replayframe_on_error=0.000000
formula_x=348.000000
formula_y=9.000000
formula_dx=640.000000
formula_dy=336.000000
path_ohf=
frame_delay=2.000000
click_delay=250.000000
swag_delay_1=400.000000
swag_delay_2=400.000000
swag_delay_3=700.000000
engage_autoplayer=1.000000
swag_use_comma=0.000000
chat_min_delay=600.000000
chat_random_delay=3000.000000
configurationcheck_input_settings=1.000000
configurationcheck_theme_settings=1.000000
configurationcheck_font_settings=1.000000
dll_name=
gui_start_minimized=1.000000
gui_disable_progress_dialog=0.000000
handhistory_generator_enable=0.000000
icm_prize1=0.500000
icm_prize2=0.300000
icm_prize3=0.200000
icm_prize4=0.000000
icm_prize5=0.000000
lazy_scraping_when_to_scrape=0.000000
log_symbol_enabled=0.000000
trace_enabled=1.000000
basic_logging_enabled=1.000000
error_logging_enabled=1.000000
dll_logging_enabled=1.000000
log_symbol_max_log=5.000000
disable_msgbox=0.000000
log_max_logsize=10.000000
perl_default_formula=
perl_editor=C:\WINDOWS\notepad.exe
pt_ip_addr=127.0.0.1
pt_port=5432
pt_user=pokertracker
pt_pass=
pt_dbname=
rebuy_condition_no_cards=1.000000
rebuy_condition_change_in_handnumber=1.000000
rebuy_condition_heuristic_check_for_occlusion=1.000000
rebuy_minimum_time_to_next_try=30.000000
rebuy_script=Rebuy.exe
scrape_delay=750.000000
window_class_name=OpenHoldem
mutex_name=OHAntiColl
simple_window_title=0.000000
